<?xml version="1.0"?>
<opencv_storage>
<calibration_Time>"Sat 12 Aug 2017 05:41:59 PM EDT"</calibration_Time>
<nrOfFrames>25</nrOfFrames>
<image_Width>640</image_Width>
<image_Height>480</image_Height>
<board_Width>9</board_Width>
<board_Height>6</board_Height>
<square_Size>50.</square_Size>
<FixAspectRatio>1.</FixAspectRatio>
<!-- flags:  +fix_aspectRatio +fix_principal_point +zero_tangent_dist -->
<flagValue>6158</flagValue>
<Camera_Matrix type_id="opencv-matrix">
  <rows>3</rows>
  <cols>3</cols>
  <dt>d</dt>
  <data>
    5.8781883122922045e+02 0. 320. 0. 5.8781883122922045e+02 240. 0. 0.
    1.</data></Camera_Matrix>
<Distortion_Coefficients type_id="opencv-matrix">
  <rows>5</rows>
  <cols>1</cols>
  <dt>d</dt>
  <data>
    -5.6188316784172306e-02 2.0497837536905563e+00 0. 0.
    -8.5897200263606148e+00</data></Distortion_Coefficients>
<Avg_Reprojection_Error>1.0657246144442680e+00</Avg_Reprojection_Error>
<Per_View_Reprojection_Errors type_id="opencv-matrix">
  <rows>25</rows>
  <cols>1</cols>
  <dt>f</dt>
  <data>
    5.16602933e-01 6.10326171e-01 4.17433596e+00 1.38472843e+00
    8.89231682e-01 5.49814403e-01 4.44396943e-01 6.08487546e-01
    6.49646163e-01 6.24665976e-01 7.96719193e-01 7.85743177e-01
    6.78953648e-01 6.70557797e-01 5.74597538e-01 4.30654436e-01
    3.37653339e-01 3.29981297e-01 6.17260933e-01 6.08154655e-01
    5.08819282e-01 6.59554362e-01 6.53329253e-01 8.18722129e-01
    7.04310000e-01</data></Per_View_Reprojection_Errors>
<!-- a set of 6-tuples (rotation vector + translation vector) for each view -->
<Extrinsic_Parameters type_id="opencv-matrix">
  <rows>25</rows>
  <cols>6</cols>
  <dt>d</dt>
  <data>
    -5.1573409185150298e-02 2.5726225728137313e-02
    -7.3390174985919210e-02 -1.8119223410708611e+02
    -8.7376226149259210e+01 1.0123159662758653e+03
    -3.4974232021775284e-02 2.3375279988172640e-02
    -8.1388642827562765e-02 -1.8033152728280777e+02
    -8.2200387445829705e+01 9.9734340000880684e+02
    -2.6158290870048763e-02 -1.7753949056586271e-01
    -2.5748827223819094e-02 -1.8585581519134857e+02
    -1.1735701429828051e+01 9.4140430778585619e+02
    -2.7729907538832255e-01 3.5548854648943057e-02
    -8.3130847602926938e-02 -2.1535547317772145e+02
    -4.6687531503373791e+01 1.0357816083969592e+03
    -9.1102664778935430e-02 1.1801225056247130e-01
    -1.4213155127319146e-01 -2.1844313522633249e+02
    -5.4658210309162662e+01 1.0434549684465121e+03
    -6.2456360091217550e-02 4.0188904469729503e-02
    -1.7477046762272061e-01 -2.2019348887043674e+02
    -1.9441455765150202e+01 1.0313478116226327e+03
    -1.2442563301029858e-02 4.5404843380881674e-02
    -1.8294319795976222e-01 -2.1907733815747309e+02
    -1.4329636658287020e+01 1.0284649392974961e+03
    7.9739318616106378e-02 6.3934519386682043e-02
    -1.8607127463888257e-01 -2.1765078607136110e+02
    -1.4333149878115879e+01 1.0212221530940812e+03
    7.5394840443034836e-02 4.5733497084159996e-02
    -1.9263836109463467e-01 -2.1584419878806122e+02
    -8.0841009738704486e+00 1.0211270574638799e+03
    6.6975484985083863e-02 3.4450902241684019e-02
    -1.9747004148519001e-01 -2.1615603467741556e+02
    -2.6526067102287394e+00 1.0178411773997229e+03
    7.8201595694122009e-02 2.7410368213609947e-02
    -2.0749692865879704e-01 -2.1801593421237337e+02
    9.8605897277480778e+00 1.0080584860885024e+03 8.0718234454371082e-02
    2.6156069839422234e-02 -2.1535803503592876e-01
    -2.2080383182046154e+02 1.4444111854012135e+01
    1.0064968399452342e+03 8.1077723218466652e-02 1.7528164186926782e-02
    -2.3415688629988690e-01 -2.2485328015739989e+02
    2.2565135020483581e+01 1.0052907461844146e+03 6.2239502888858676e-02
    3.1663121371088843e-02 -2.0324141545866581e-01
    -2.2226589716118059e+02 1.4661758992833819e+01
    1.0114884207040874e+03 -3.6148412943310199e-02
    6.1385085309720179e-02 -8.8664996344199290e-02
    -1.9838549579021992e+02 -2.5133476339711095e+01
    1.0411961530908832e+03 -7.6944294659590518e-02
    7.4593166706977340e-02 -3.0518939594622967e-02
    -1.8054057298732269e+02 -3.9421156263877947e+01
    1.0647485038427781e+03 -1.1013737061731017e-01
    6.6023513353582072e-02 2.0518829133200203e-02
    -1.6315968989389879e+02 -6.1239835041456004e+01
    1.0715633947225185e+03 -1.8222274610096076e-01
    7.9359998092399200e-02 -4.5555945690693683e-02
    -1.7709054066457793e+02 -6.5411208790137252e+01
    1.0061309951141144e+03 -1.9179829854229141e-01
    5.3138847061895998e-02 -4.8283709926226069e-02
    -1.7902234958183251e+02 -5.5867333152660720e+01
    1.0239405237734727e+03 -3.3753698619527268e-02
    1.3480836873028984e-01 -1.0697669080683772e-01
    -1.9688703115488357e+02 -3.0486286340154699e+01
    9.9495409645300151e+02 -4.8367720377499500e-02
    1.9642306448075039e-01 -1.1754077410015210e-01
    -1.8390456373355246e+02 -2.3955836394779180e+01
    9.2315149422499996e+02 -1.6007634547807686e-01
    5.2430660694490892e-02 -9.7936616868618959e-02
    -1.4693788812007682e+02 -3.1412491590564432e+01
    9.4325557536758174e+02 -2.1122949373558134e-01
    -3.6116234312145071e-02 -1.2109337041870852e-01
    -1.4833789508705371e+02 -2.2330260485918554e+01
    9.4519370905476865e+02 -2.0175454497181833e-01
    -1.5924778564750219e-02 -8.8886764307111427e-02
    -1.5688565156852513e+02 -3.1974625252608512e+01
    9.3838719904578545e+02 3.7885739451183550e-02 4.9983151915057152e-02
    -1.4459033190868384e-01 -1.6697328503920127e+02
    -5.8889429055299942e+00 9.1560971345333655e+02</data></Extrinsic_Parameters>
