<?xml version="1.0"?>
<opencv_storage>
<calibration_Time>"Thu 10 Aug 2017 09:32:49 PM EDT"</calibration_Time>
<nrOfFrames>25</nrOfFrames>
<image_Width>640</image_Width>
<image_Height>480</image_Height>
<board_Width>9</board_Width>
<board_Height>6</board_Height>
<square_Size>50.</square_Size>
<FixAspectRatio>1.</FixAspectRatio>
<!-- flags:  +fix_aspectRatio +fix_principal_point +zero_tangent_dist -->
<flagValue>6158</flagValue>
<Camera_Matrix type_id="opencv-matrix">
  <rows>3</rows>
  <cols>3</cols>
  <dt>d</dt>
  <data>
    4.0560898301878689e+02 0. 320. 0. 4.0560898301878689e+02 240. 0. 0.
    1.</data></Camera_Matrix>
<Distortion_Coefficients type_id="opencv-matrix">
  <rows>5</rows>
  <cols>1</cols>
  <dt>d</dt>
  <data>
    -3.2623937176841278e-01 7.8022851729462550e-01 0. 0.
    -6.5198609026709431e-01</data></Distortion_Coefficients>
<Avg_Reprojection_Error>1.1144244213292998e+00</Avg_Reprojection_Error>
<Per_View_Reprojection_Errors type_id="opencv-matrix">
  <rows>25</rows>
  <cols>1</cols>
  <dt>f</dt>
  <data>
    4.67603970e+00 3.06080639e-01 3.23534131e-01 2.90692568e-01
    3.25464964e-01 2.99170285e-01 3.08790296e-01 3.77135098e-01
    4.98505086e-01 4.45388615e-01 4.48581725e-01 3.71727973e-01
    4.01289612e-01 2.13741040e+00 2.90410012e-01 2.98111409e-01
    3.15489471e-01 2.95583278e-01 2.81368196e-01 3.85428220e-01
    4.08676058e-01 4.19965833e-01 4.76984292e-01 9.48901176e-01
    9.44632351e-01</data></Per_View_Reprojection_Errors>
<!-- a set of 6-tuples (rotation vector + translation vector) for each view -->
<Extrinsic_Parameters type_id="opencv-matrix">
  <rows>25</rows>
  <cols>6</cols>
  <dt>d</dt>
  <data>
    -2.1391779358107882e-01 -5.8350466735489781e-01
    -3.0184707792377643e+00 7.1007741015291958e+02
    2.8191103115177657e+02 1.4378173919083224e+03
    -1.6414105026578635e-01 1.5258620756492586e-01
    -2.9734692675970908e+00 7.8428496692724025e+02
    4.3751533230571221e+02 1.2697244069084193e+03
    -2.4112331625078226e-01 1.9538359765762253e-01
    -2.9664102261949847e+00 7.0267660074433445e+02
    4.6433770690893886e+02 1.2644846271338520e+03
    -2.7323673512984359e-01 1.5907681457388520e-01
    -2.9790824595935352e+00 6.8220920307076881e+02
    4.5601605854106765e+02 1.2734257384089294e+03
    -2.6517146596480062e-01 1.6986148174844215e-01
    -2.9717185583914820e+00 6.7537263782584557e+02
    4.4812319545632215e+02 1.2712255418285558e+03
    -2.8359017825254645e-01 7.9386540140740994e-02
    -3.0713862000492123e+00 6.7694477692898522e+02
    4.1326240538633687e+02 1.2991223447624066e+03
    -2.5900494500208232e-01 9.7307593555224808e-02
    -3.1365315794389659e+00 6.7050943833674626e+02
    4.1705002167101270e+02 1.3047032163719712e+03 2.4172295292119977e-01
    -1.2294223426106503e-01 3.0586438428502598e+00
    6.3568066071288627e+02 3.6913239789513091e+02 1.3301761834305387e+03
    2.7059832159864144e-01 -9.8101048858824105e-02
    3.0574597140987581e+00 5.6430133631166609e+02 3.4911977290275718e+02
    1.3304507131003909e+03 2.8130993767111112e-01 1.1846942898997456e-02
    3.0067853444963890e+00 5.2248900127567549e+02 3.2303648713156525e+02
    1.3416283114750411e+03 2.4705883050945732e-01 6.3813557265061785e-02
    2.9859943719844306e+00 5.1053311367045688e+02 3.0934989356527973e+02
    1.3589688959792265e+03 2.6338328263796484e-01 1.0126924759128414e-01
    2.9990405168764633e+00 5.1659810401944333e+02 3.1243798486556125e+02
    1.3513506969314960e+03 2.3483023088014229e-01 1.0295021446424683e-01
    3.0266932573960315e+00 5.6895968100721518e+02 3.0675100334691081e+02
    1.3698511605165224e+03 5.5767054551377593e-01 4.4193528733611187e-01
    2.9703570214225130e+00 5.9578332812427743e+02 2.8076164817064040e+02
    1.3100333799403529e+03 -1.3379951137288576e-01
    9.8782249400547126e-03 -3.1235545091143866e+00
    8.8829799035507426e+02 3.8935269443743823e+02 1.3315808408085895e+03
    -1.2729426328304977e-01 2.3599341617337136e-02
    -3.0662515896703706e+00 8.8082386292837532e+02
    4.5710720916866978e+02 1.3240423120548139e+03
    -9.9443895196803994e-02 2.7894356025820907e-02
    -3.0785937094950646e+00 8.5556526560926102e+02
    4.6939590335519262e+02 1.3152785453415029e+03
    -1.6293772045225666e-01 2.7145222705236480e-02
    -3.0714242474238214e+00 7.8470773982416824e+02
    4.6669259813761778e+02 1.3039210489442426e+03
    -2.1710623897948433e-01 2.1002793118323877e-02
    -3.0638914282062704e+00 7.4366101657720287e+02
    4.4648561635289315e+02 1.3098617669383043e+03
    -2.8493602985106259e-01 -7.2562255923467947e-03
    -3.0452727079995081e+00 7.1284909281016564e+02
    3.9356211575542187e+02 1.3227595766666182e+03
    -3.2083105966768299e-01 -4.5653136576471742e-02
    -3.0253052413078119e+00 6.9985803482814663e+02
    3.3721772415783516e+02 1.3386931527209749e+03
    -3.0862187105214406e-01 -6.1244044588423759e-02
    -3.0182450371251370e+00 7.0714119930710831e+02
    3.3542380419336183e+02 1.3460800480047553e+03
    -3.0037899483058572e-01 -8.0859044628481230e-02
    -3.0004041474923944e+00 7.1956470320723201e+02
    3.2459390497191714e+02 1.3453569294218053e+03
    -2.8887648145746214e-01 -1.0360703532393577e-01
    -2.9824409807318042e+00 7.2515044886661724e+02
    3.1454888161309634e+02 1.3423357515345208e+03
    -2.6516001049253352e-01 -1.0305200189058694e-01
    -2.9754521333687616e+00 7.4320064727384874e+02
    3.0508089408716990e+02 1.3514438096236836e+03</data></Extrinsic_Parameters>
