<?xml version="1.0"?>
<opencv_storage>
<calibration_Time>"Thu 04 Jan 2018 12:40:32 AM EST"</calibration_Time>
<nrOfFrames>25</nrOfFrames>
<image_Width>640</image_Width>
<image_Height>480</image_Height>
<board_Width>9</board_Width>
<board_Height>6</board_Height>
<square_Size>50.</square_Size>
<FixAspectRatio>1.</FixAspectRatio>
<!-- flags:  +fix_aspectRatio +fix_principal_point +zero_tangent_dist -->
<flagValue>6158</flagValue>
<Camera_Matrix type_id="opencv-matrix">
  <rows>3</rows>
  <cols>3</cols>
  <dt>d</dt>
  <data>
    8.9861776409250688e+03 0. 320. 0. 8.9861776409250688e+03 240. 0. 0.
    1.</data></Camera_Matrix>
<Distortion_Coefficients type_id="opencv-matrix">
  <rows>5</rows>
  <cols>1</cols>
  <dt>d</dt>
  <data>
    2.8548032351501849e+01 -2.2453448287369112e+04 0. 0.
    1.1053535554697193e+04</data></Distortion_Coefficients>
<Avg_Reprojection_Error>2.4957575376536960e+00</Avg_Reprojection_Error>
<Per_View_Reprojection_Errors type_id="opencv-matrix">
  <rows>25</rows>
  <cols>1</cols>
  <dt>f</dt>
  <data>
    6.27886248e+00 2.94266295e+00 2.08166575e+00 1.92318285e+00
    2.01706958e+00 2.09969592e+00 2.28879905e+00 2.24394059e+00
    2.19222784e+00 2.20072699e+00 2.27033830e+00 2.51496267e+00
    2.12403059e+00 2.16785145e+00 2.25864363e+00 2.24238229e+00
    2.10695386e+00 2.08514595e+00 2.10877538e+00 2.22200108e+00
    2.04946518e+00 2.00302243e+00 2.18345356e+00 2.12620354e+00
    2.17079234e+00</data></Per_View_Reprojection_Errors>
<!-- a set of 6-tuples (rotation vector + translation vector) for each view -->
<Extrinsic_Parameters type_id="opencv-matrix">
  <rows>25</rows>
  <cols>6</cols>
  <dt>d</dt>
  <data>
    -1.7619591638157600e-02 -6.7714249882807365e-01
    -3.0040031798824796e+00 1.3614918852793434e+02
    1.5031587064126339e+02 8.6539463805450287e+03
    -4.0472387247134312e-01 1.8272841598903810e-02
    -2.9692123319811116e-02 -2.3687279408001660e+02
    -1.3383172953430037e+02 8.0497050603261532e+03
    -3.7583359856580018e-01 5.2669303797544302e-02
    -3.8540382190331617e-02 -2.0651290433758930e+02
    -1.6699066388022737e+02 7.7738748350325013e+03
    -3.7752741558474956e-01 2.7571940205581003e-02
    -1.3560465114376774e-02 -1.9375805391487313e+02
    -1.8434401517524881e+02 7.7193551140909876e+03
    -3.7385427561203172e-01 1.4781595976115704e-02
    -4.1950256609763212e-03 -1.8888542012088629e+02
    -1.9071622761954333e+02 7.6838877746337703e+03
    -3.6989136338887174e-01 1.2897047602285081e-02
    -2.4495214565483717e-03 -1.8766596008513230e+02
    -1.9091041188457876e+02 7.6522971094194281e+03
    -3.5636411420138497e-01 2.4821163775881356e-02
    -7.0759609226986216e-03 -1.9287415349857301e+02
    -1.8398676328618524e+02 7.6040698957274062e+03
    -3.5995706290809776e-01 2.2140244860021727e-02
    -1.0504766476385086e-02 -1.9954475264941638e+02
    -1.7381279419537177e+02 7.6543632402196936e+03
    -3.5796978659633955e-01 2.3716486333352584e-02
    -1.3352065772892193e-02 -2.0065645574585508e+02
    -1.6993596576015767e+02 7.6517731716447033e+03
    -3.5829850751991332e-01 2.5582253862390589e-02
    -1.4881897124865907e-02 -1.9946364166489036e+02
    -1.6784219170778033e+02 7.6609272893261423e+03
    -3.5534872608867984e-01 2.6789925576512604e-02
    -1.9079716774079526e-02 -2.0091757207780461e+02
    -1.6455039924045559e+02 7.6248203742859978e+03
    -3.4554463617909098e-01 3.1932027479605142e-02
    -1.8228935683264124e-02 -2.0045330094058042e+02
    -1.6621755777654161e+02 7.5715850058115257e+03
    -3.5886376633683298e-01 2.5876815936785504e-02
    -1.6994607321387637e-02 -2.0001120809754769e+02
    -1.6594844498458181e+02 7.6264033992755431e+03
    -3.6107199831491443e-01 2.6222310455786962e-02
    -1.6662830282213308e-02 -2.0070612395108779e+02
    -1.6532416213517041e+02 7.6319774289377929e+03
    -3.5960091941420430e-01 2.2060238547653380e-02
    -1.6337352346999765e-02 -1.9963499092350136e+02
    -1.6578314172917945e+02 7.6281154638702446e+03
    -3.5864079404958299e-01 2.1580826954073571e-02
    -1.7975689962974134e-02 -2.0127978429896308e+02
    -1.6489315271301578e+02 7.6230236676189052e+03
    -3.6103068987082287e-01 2.3825940723053763e-02
    -1.7079771688163690e-02 -2.0112884060453905e+02
    -1.6454700565142090e+02 7.6492029749511466e+03
    -3.6072227114894062e-01 2.3709743632877048e-02
    -1.8312697741942271e-02 -2.0156547498652833e+02
    -1.6371464839315652e+02 7.6530093616854174e+03
    -3.6533181344647869e-01 2.0652086439819944e-02
    -1.8733845870292625e-02 -2.0142802841189754e+02
    -1.6367079610921468e+02 7.6557490431611577e+03
    -3.5826667578210003e-01 2.2324705361831058e-02
    -2.0584982647365652e-02 -2.0194127961869256e+02
    -1.6351376772686942e+02 7.6141255277599221e+03
    -3.6417828837794197e-01 2.6454185181969493e-02
    -2.1206633521239287e-02 -2.0234207266594206e+02
    -1.6250109041357919e+02 7.6394448831823001e+03
    -3.6372874511557757e-01 2.2763064613401846e-02
    -2.1275637900324079e-02 -2.0240344419851479e+02
    -1.6292491517908167e+02 7.6364795369185786e+03
    -3.5981664156388238e-01 2.4274798730015670e-02
    -1.9294384613077861e-02 -2.0113966245260787e+02
    -1.6386846512822109e+02 7.6226181057516451e+03
    -3.5901220865977029e-01 2.5171018613780714e-02
    -1.9846594455078893e-02 -2.0051279662463361e+02
    -1.6327125432110842e+02 7.6336349962790709e+03
    -3.6081036894669055e-01 2.6163188530165131e-02
    -2.0158603013767793e-02 -2.0142337432885890e+02
    -1.6242419404747295e+02 7.6236422122183021e+03</data></Extrinsic_Parameters>
